0.000000000000000000e+00 0.000000000000000000e+00 0.000000000000000000e+00
0.000000000000000000e+00 5.000000000000000000e-01 0.000000000000000000e+00
0.000000000000000000e+00 1.699999999999999956e+00 0.000000000000000000e+00
0.000000000000000000e+00 3.429999999999999716e+00 0.000000000000000000e+00
1.000000000000000056e-01 5.371999999999999886e+00 1.000000000000000056e-01
2.400000000000000189e-01 7.033800000000000274e+00 2.400000000000000189e-01
3.460000000000000298e-01 8.112519999999999953e+00 3.460000000000000298e-01
2.684000000000000274e-01 8.527108000000000132e+00 2.684000000000000274e-01
6.436000000000000054e-02 8.636683200000000227e+00 6.436000000000000054e-02
-1.514560000000000073e-01 8.916959280000000376e+00 -1.514560000000000073e-01
-1.699623999999999857e-01 9.810728111999999612e+00 -1.699623999999999857e-01
-1.016369599999999707e-01 1.120975600479999912e+01 -1.016369599999999707e-01
1.067441600000001989e-02 1.286400310592000018e+01 1.067441600000001989e-02
2.064174464000000098e-01 1.452082394396800069e+01 2.064174464000000098e-01
3.793774505599999958e-01 1.585155072622720063e+01 3.793774505599999958e-01
4.453527290240000269e-01 1.672342946714687884e+01 4.453527290240000269e-01
3.820541151296000248e-01 1.724640560040115034e+01 3.820541151296000248e-01
2.340583050598400161e-01 1.769388132012942094e+01 2.340583050598400161e-01
8.383292346713600018e-02 1.834966880782015153e+01 8.383292346713600018e-02
5.067136183001343941e-01 1.936504314283173400e+01 6.713618300134394090e-03
1.733949434499765685e+00 2.069635847292629194e+01 3.394943449976575711e-02
3.571486951829551337e+00 2.214636303354824776e+01 1.414869518295511219e-01
5.539527241511582822e+00 2.347818562133388554e+01 2.675272415115823588e-01
7.040999881469619304e+00 2.443773313967401606e+01 2.471998814696193258e-01
7.971825316697042751e+00 2.468245933634312550e+01 2.053053166970429388e-01
8.323655550053201679e+00 2.406148324517376125e+01 6.494755005320274055e-02
8.478474985047144585e+00 2.297186314053445244e+01 -9.384821495285480819e-02
8.978574984018120375e+00 2.210527347609184901e+01 -8.984029598187920351e-02
1.003937749108293787e+01 2.187270604004758212e+01 5.868697908293843413e-02
1.157441100189980610e+01 2.232704232758394980e+01 2.630180370998050909e-01
1.326873566068508481e+01 2.317242382257470723e+01 4.154069707650825394e-01
1.475926002324929343e+01 2.444705525677903424e+01 4.448535256812909955e-01
1.572110193793243305e+01 2.587069591917341072e+01 2.489286622652330805e-01
1.632620869218104431e+01 2.731662455574164383e+01 4.813195405816442229e-02
1.670770042491427176e+01 2.845964805078223137e+01 -1.566510603572795757e-01
1.719719277191703810e+01 2.925854517092764695e+01 -2.626302431525393555e-01
1.813913949826100946e+01 2.994827999359469572e+01 -1.266963860920035101e-01
1.941732180284007825e+01 3.059490133719769034e+01 5.899227830848050025e-02
2.085902497554120316e+01 3.137940987784154245e+01 1.966159371146758705e-01
2.222704534320161329e+01 3.239576262550023955e+01 2.221692614829137713e-01
2.344474100249517434e+01 3.371259878564294610e+01 2.340826226728709991e-01
2.441829659461179247e+01 3.514145193694990610e+01 2.277633364073970157e-01
2.508534833021085220e+01 3.635669380465122202e+01 1.081943105647719255e-01
2.574302072714458234e+01 3.737206458325679392e+01 4.648503202402338996e-02
2.646341552081264581e+01 3.809986599237340954e+01 -3.229583467466198843e-02
2.738006307470758216e+01 3.870495426439165954e+01 -8.705069736614783060e-02
2.851501433585923451e+01 3.939705657701225761e+01 -9.280472510541117048e-02
2.987896330296610259e+01 4.042142036986466280e+01 4.841901248195741581e-02
3.126703572187923186e+01 4.173263759849950105e+01 2.513108700696104481e-01
3.238278303796143121e+01 4.304641430502110211e+01 3.082581068636929267e-01
3.329556410345469430e+01 4.430560618837998987e+01 3.053815665465207108e-01
3.406928501067128678e+01 4.538607578921299535e+01 2.501018969878053833e-01
3.473099132183057236e+01 4.616546053535620331e+01 7.529924589105885246e-02
3.556103134095864959e+01 4.688417653920699024e+01 -1.967276304154244593e-02
3.662755168769459146e+01 4.768893267306920336e+01 4.688810439887614034e-03
3.787364415590964484e+01 4.866874685701058922e+01 1.242698213532308638e-01
3.905830529934836903e+01 4.971620619405254615e+01 1.697578204986243677e-01
4.019534767876903913e+01 5.040081650036403005e+01 2.258181094801663402e-01
4.122101198086311769e+01 5.041655752586235195e+01 2.633633148234709176e-01
4.213360386231623522e+01 4.982244568587966427e+01 2.654723422207095895e-01
4.288813462446591984e+01 4.887652218695541251e+01 1.346342957678696162e-01
4.372314499816767608e+01 4.818692994444587896e+01 4.956290607637883761e-02
4.461308183541542149e+01 4.797283195396435929e+01 -5.178279768415228190e-02
4.570748407123068091e+01 4.839372778554881194e+01 -1.710253222655414018e-02
4.683870404784907038e+01 4.907567014120041904e+01 2.266097279856126023e-02
4.803745000288108713e+01 4.975158319068665236e+01 1.471176409218845071e-01
4.919759636096935651e+01 5.008411333988093617e+01 2.855698217719331855e-01
5.024292990276412496e+01 4.994133380421532564e+01 3.673918736510104477e-01
5.116226513899735551e+01 4.944216532000861264e+01 3.573357835166747209e-01
5.190853428210858311e+01 4.877183102421826533e+01 1.696174106374352397e-01
5.262590936985439782e+01 4.828261464589781582e+01 -8.413783027259791325e-02
5.355859226389843286e+01 4.830101258246050833e+01 -1.704486319553287776e-01
5.471871073658884654e+01 4.876706443413667813e+01 -6.290403749212214457e-02
5.590346199371579416e+01 4.930297888357689118e+01 6.533811627082489193e-02
5.711800712827215420e+01 4.973381244628463804e+01 2.480869965220647844e-01
5.825209418523679972e+01 4.985465642957928623e+01 3.885174904871482870e-01
5.924672544388658224e+01 4.963608779975482577e+01 4.206461898121492959e-01
6.011853085472809255e+01 4.922133213303540344e+01 3.392389242985755504e-01
6.084389029712140484e+01 4.873738596647022092e+01 9.635292318707139314e-02
6.157476864671468775e+01 4.843314143332644761e+01 -1.704209394068180727e-01
6.254517483799129707e+01 4.854275063683382285e+01 -2.253069460379095446e-01
6.364595299114459692e+01 4.887002360157354985e+01 -1.620508789869370969e-01
6.491367683341026407e+01 4.932955746905253136e+01 7.590502085240666275e-02
6.619778987474423104e+01 4.967835921525735188e+01 3.521128202816127262e-01
6.725459667457269575e+01 4.965310117921301014e+01 4.246434296270917841e-01
6.817842445713195332e+01 4.940381835716659964e+01 3.775992632244770109e-01
6.902065723286931131e+01 4.907755463874153179e+01 2.464598818498852373e-01
6.976833811459827928e+01 4.874513997278820199e+01 5.204497687810033524e-03
7.065708185085520654e+01 4.867339678703610417e+01 -1.145275969019626527e-01
7.172841028805883923e+01 4.887212952634116192e+01 -6.502268358177673568e-02
7.292840073751268903e+01 4.921492422854513649e+01 1.120430801972789603e-01
7.404419177326481361e+01 4.941597734625614180e+01 2.153807274997895926e-01
7.512630781880932318e+01 4.948893647906798066e+01 3.006942463221543571e-01
7.613705835039471026e+01 4.941013145906464388e+01 3.271292901012055054e-01
7.697820465362420350e+01 4.913414121152931813e+01 1.873561844517487862e-01
7.774613399971865135e+01 4.881867938298286447e+01 -3.211770285863665975e-02
7.866420341134433158e+01 4.872542404579962749e+01 -1.135853500086652090e-01
7.975836417613527374e+01 4.887878221943489621e+01 -3.011355743935831275e-02
8.096392677637948054e+01 4.917741346598918994e+01 1.600678345926970503e-01
8.216696972840952640e+01 4.945747485489346218e+01 3.511971701251983546e-01
8.316622352103181015e+01 4.948079267746057752e+01 3.476149870418503429e-01
8.408244017387595193e+01 4.936138237904069115e+01 2.705835287459119609e-01
8.486581507449770356e+01 4.907322192094244429e+01 6.596345190661143110e-02
8.573794494780842967e+01 4.887726654818280281e+01 -5.117634320206475296e-02
8.675388935988387118e+01 4.886227343860772265e+01 -3.101398719884093658e-02
8.789129465080984005e+01 4.901764292068629203e+01 1.026391268034809734e-01
8.896931208723827922e+01 4.914865399421385916e+01 1.716073660038301973e-01
9.005487173640473486e+01 4.929223696328173787e+01 2.478750982822294224e-01
9.110443955245217751e+01 4.937534315380195693e+01 2.925785081916740249e-01
9.209683081066879140e+01 4.936246714836917704e+01 2.865223230143371658e-01
9.294156753772935531e+01 4.916964516929508733e+01 1.378105948475654152e-01
9.383104682321918233e+01 4.901128280348086008e+01 3.506474207368813489e-02
9.481605476855042980e+01 4.946311527250762907e+01 2.506110354035452625e-02
9.589453453507334757e+01 5.023820685837790734e+01 1.035272770901770195e-01
9.701789905740729125e+01 5.091668585647220624e+01 2.223831947399287357e-01
9.801997759880420347e+01 5.106897402652096929e+01 2.181619232547409304e-01
9.901185948665931846e+01 5.077154636630437068e+01 2.052818172907014405e-01
9.989862344239925562e+01 5.011808828895724588e+01 9.104881327771517652e-02
1.002473992813655741e+02 4.947093187486620991e+01 -5.728529697283003819e-02
9.993759789575247510e+01 4.915302516475117756e+01 -1.621433477119056943e-01
9.918997770082444276e+01 4.929039654327205966e+01 -1.754439195211209557e-01
9.852213067497699228e+01 4.986883251230482017e+01 3.075256111457758124e-04
9.816000301422579355e+01 5.045500862828189526e+01 1.583300634246129490e-01
9.825408661243682218e+01 5.075506281852031520e+01 2.213853157444269359e-01
9.871171854460833117e+01 5.064758018047473342e+01 1.674423849600460423e-01
9.936772801125852084e+01 5.032705571599634453e+01 1.351725547740802447e-01
9.987427252561442970e+01 4.997505583996762368e+01 1.385434302196709155e-01
9.989302632572753282e+01 4.967072803155796379e+01 7.230550301086705045e-02
9.946339158296557059e+01 4.956146898821028657e+01 -2.346138298248995335e-02
9.884502452299700792e+01 4.968240135509223165e+01 -9.792088888526628843e-02
9.836598190752680182e+01 4.995003980773986996e+01 -1.159739997551318402e-01
9.835185259984021400e+01 5.031589451125280732e+01 2.576520033955509437e-02
9.876320992300217938e+01 5.058721648878804444e+01 2.404478802549958050e-01
9.925182655234685569e+01 5.053779802417573563e+01 3.134383520513945309e-01
9.956566824258364079e+01 5.022442239393679131e+01 2.224106006424561299e-01
9.956529164250493125e+01 4.983017312975334789e+01 2.928032405318350961e-02
9.938230688118161993e+01 4.966026222711157345e+01 -5.917708690375358960e-02
9.902646715539982836e+01 4.967721130117818973e+01 -1.092002133131201869e-01
9.879297782449630461e+01 4.995385981724904667e+01 3.790795750099607009e-04
9.878634851443497666e+01 5.032591357308830027e+01 1.988109033868221132e-01
9.888720787816230029e+01 5.049780516679947340e+01 2.779940931240419966e-01
9.913437736643574283e+01 5.050360501773979394e+01 3.102619173255188878e-01
9.928964122266395975e+01 5.025702237471618616e+01 1.841720004440886571e-01
9.928455808193737653e+01 4.990658680863684538e+01 -2.139492497124287351e-02
9.923770421431476052e+01 4.973790139484701456e+01 -9.570769535941980877e-02
9.907668362629702585e+01 4.971713382501265954e+01 -1.147353410290691544e-01
9.889342328393256309e+01 4.983987609965541310e+01 -7.449255161721898832e-02
9.878177733383826364e+01 5.003040609700618546e+01 -1.027765337944339108e-03
9.879040731183425805e+01 5.018668004611878786e+01 6.560442498237500919e-02
9.890297063611352257e+01 5.023398657726073679e+01 9.277118377947490835e-02
9.915279230990810788e+01 5.025956916665811747e+01 1.708356748071273856e-01
9.930123566136917646e+01 5.015280891378670702e+01 1.556758793284509224e-01
9.928421684699954142e+01 4.998032022930907914e+01 6.419412373341663869e-02
9.912679149056710060e+01 4.983492029862467376e+01 -5.023651816882253318e-02
9.892171292449435782e+01 4.978660021169637417e+01 -1.281058367964265088e-01
9.877628575278171752e+01 4.984981202761272101e+01 -1.341353051630568283e-01
9.885725842184947965e+01 5.008179664813106768e+01 2.750582588850430943e-02
9.910150461308572289e+01 5.034968448253204798e+01 2.592299308906571564e-01
9.927057387865548321e+01 5.041594129222690412e+01 3.381666599472661350e-01
9.928744927834051737e+01 5.026760177483882330e+01 2.401263861245811759e-01
9.915891249888679226e+01 5.000029532177013891e+01 3.182694662187413037e-02
9.896377314793504354e+01 4.975957185312325493e+01 -1.715560222414992675e-01
9.880626115811095644e+01 4.966313480477943187e+01 -2.688226830977856752e-01
9.876136978821379842e+01 4.974477405888027448e+01 -2.219513363195506073e-01
9.884028266119945272e+01 4.994586235813089559e+01 -6.879145605936376473e-02
9.899116291628681097e+01 5.015391064839100466e+01 1.034481642044862704e-01
9.913137368772203217e+01 5.026419878542959907e+01 2.067397403397081557e-01
9.929187653815272085e+01 5.033135871604953593e+01 2.963322886915538135e-01
9.939039083446397171e+01 5.032612329558271114e+01 3.287994378624379821e-01
9.928385828391211021e+01 5.015834976937121326e+01 1.936201531850147428e-01
