0.000000000000000000e+00 0.000000000000000000e+00 0.000000000000000000e+00
0.000000000000000000e+00 5.000000000000000000e-01 0.000000000000000000e+00
0.000000000000000000e+00 1.199999999999999956e+00 0.000000000000000000e+00
0.000000000000000000e+00 1.729999999999999982e+00 0.000000000000000000e+00
1.000000000000000056e-01 1.942000000000000171e+00 1.000000000000000056e-01
1.400000000000000133e-01 1.661800000000000166e+00 1.400000000000000133e-01
1.060000000000000109e-01 1.078720000000000123e+00 1.060000000000000109e-01
-7.760000000000000231e-02 4.145880000000001786e-01 -7.760000000000000231e-02
-2.040400000000000269e-01 1.095752000000000947e-01 -2.040400000000000269e-01
-2.158160000000000078e-01 2.802760799999999830e-01 -2.158160000000000078e-01
-1.850639999999997842e-02 8.937688319999996800e-01 -1.850639999999997842e-02
6.832544000000001505e-02 1.399027892799999950e+00 6.832544000000001505e-02
1.123113759999999905e-01 1.654247101120000396e+00 1.123113759999999905e-01
1.957430303999999899e-01 1.656820838048000288e+00 1.957430303999999899e-01
1.729600041599999860e-01 1.330726782259199936e+00 1.729600041599999860e-01
6.597527846400000340e-02 8.718787409196796512e-01 6.597527846400000340e-02
-6.329861389440000208e-02 5.229761332542722796e-01 -6.329861389440000208e-02
-1.479958100697600087e-01 4.474757197282698828e-01 -1.479958100697600087e-01
-1.502253815927040159e-01 6.557874876907323625e-01 -1.502253815927040159e-01
4.228806948329983939e-01 1.015374335011583362e+00 -7.711930516700160609e-02
1.227235816199631291e+00 1.331315330094557936e+00 2.723581619963136302e-02
1.837537517329785430e+00 1.450004560621956262e+00 1.075375173297853509e-01
1.968040289682031263e+00 1.331822587785636669e+00 1.260402896820312646e-01
1.501472639958036703e+00 9.595475183401301900e-01 -2.032736004196303292e-02
9.308254352274233367e-01 2.447261966691091084e-01 -4.189456477257638700e-02
3.518302333561595940e-01 -6.209760911693645857e-01 -1.403577666438401983e-01
1.548194349939427950e-01 -1.089620104639308806e+00 -1.587957650060575487e-01
5.000999989709762339e-01 -8.665896644426041018e-01 4.007918970975604678e-03
1.060802507064818379e+00 -2.325674360442682165e-01 1.485272750648176376e-01
1.535033510816867564e+00 4.543362875363675668e-01 2.043310580168666568e-01
1.694324658785277826e+00 8.453814949907558773e-01 1.523889336652774484e-01
1.490524362564207728e+00 1.274631434204326563e+00 2.944655491620842835e-02
9.618419146831402866e-01 1.423640662394376699e+00 -1.959248634160579150e-01
6.051067542486097128e-01 1.445928636568233561e+00 -2.007967082070686582e-01
3.814917327332265629e-01 1.143023495040588422e+00 -2.047830144154439980e-01
4.894923470027680024e-01 7.988971201454139193e-01 -1.059791827952598076e-01
9.419467263439721405e-01 6.897348226670489968e-01 1.359338570605358454e-01
1.278182304579070117e+00 6.466213436029962791e-01 1.856886644004840103e-01
1.441703172701124025e+00 7.845085406438514486e-01 1.376236588061953703e-01
1.368020367660410130e+00 1.016352747658695099e+00 2.555332436823790077e-02
1.217695659293562382e+00 1.316836160142705658e+00 1.191336118995722781e-02
9.735555921166190174e-01 1.428853151306961999e+00 -6.319286265473983422e-03
6.670517355990608355e-01 1.215241867701312817e+00 -1.195690258426250902e-01
6.576723969337286979e-01 1.015370778605570568e+00 -6.170927854074853558e-02
7.203947936680646924e-01 7.278014091166165045e-01 -7.878086669868537839e-02
9.166475538949352408e-01 6.050882720182501062e-01 -5.475486269148584217e-02
1.134951261151650570e+00 6.921023126205952947e-01 -5.754027739263339880e-03
1.363948967106868304e+00 1.024363792852406974e+00 1.412237375873685863e-01
1.388072418913130157e+00 1.311217228634834919e+00 2.028918575876530184e-01
1.115747316082201124e+00 1.313776706521600834e+00 5.694723679408250638e-02
9.127810654932654311e-01 1.259191883358889763e+00 -2.876540317172215921e-03
7.737209072165917023e-01 1.080469600833005916e+00 -5.527966955871535526e-02
6.617063111592891289e-01 7.793847461432076296e-01 -1.748026510967465308e-01
8.300400191280740136e-01 7.187160038507851567e-01 -9.497200893260129839e-02
1.066520346735941871e+00 8.047561338622115645e-01 2.436157348143005996e-02
1.246092468215052040e+00 9.798141839413887499e-01 1.195810109133432497e-01
1.184661143438724418e+00 1.047459337041955152e+00 4.548799914539349010e-02
1.137042379420667437e+00 6.846103063114865606e-01 5.606028898154195861e-02
1.025664302094081215e+00 1.574102549832290254e-02 3.754520534330459125e-02
9.125918814531142065e-01 -5.941118399826853524e-01 2.109027397238685819e-03
7.545307621496851747e-01 -9.459234989242488734e-01 -1.308380464528399734e-01
8.350103737017566807e-01 -6.895922425095302177e-01 -8.507138969149077856e-02
8.899368372477429734e-01 -2.140979904815166757e-01 -1.013457037605311195e-01
1.094402235815257862e+00 4.208958315844553155e-01 3.468026545759814172e-02
1.131219976618391687e+00 6.819423556516037710e-01 3.976350502511540042e-02
1.198745955032017418e+00 6.759130494862338745e-01 1.244566681233232330e-01
1.160146358088272045e+00 3.325301491942842524e-01 1.384521808500486784e-01
1.045333541794766674e+00 -1.427795356656123005e-01 8.182205187907723443e-02
9.193352362332275485e-01 -4.991684842067138916e-01 -1.005609013433569898e-02
7.462691431112270513e-01 -6.703342957903488664e-01 -1.877183728792394812e-01
7.173750877458128228e-01 -4.892163783204466210e-01 -2.537552409100331530e-01
9.326828940440325955e-01 1.839793656269017585e-02 -8.631080168273086439e-02
1.160118472690412794e+00 4.660518516761670282e-01 1.075445944632066331e-01
1.184751257126948287e+00 5.359144494402112713e-01 1.282421537629470365e-01
1.214545134556356487e+00 4.308335627077445329e-01 1.827488802512398924e-01
1.134087056964643736e+00 1.208439832946510695e-01 1.404304939650835027e-01
9.946312586497795261e-01 -2.185686298244571280e-01 3.212869932500100889e-02
8.718054108415104198e-01 -4.147556667194243207e-01 -8.140726551357374552e-02
7.253594423933130697e-01 -4.839461665651836331e-01 -2.428860011115041573e-01
7.308783495932793528e-01 -3.042445331437757527e-01 -2.667738625938894659e-01
9.704061912766075437e-01 1.096092035073780169e-01 -5.488600663109147182e-02
1.100778153153298300e+00 3.272729647397287778e-01 6.325606705097244764e-02
1.267723842265670031e+00 4.595338674789809508e-01 2.379558998393437597e-01
1.284113041333970973e+00 3.488017462048171868e-01 2.762077994292060357e-01
1.056806799828458265e+00 -2.525803604434045946e-02 7.253060934547905791e-02
9.238277825592645653e-01 -2.492828220464114730e-01 -4.704416640261474547e-02
8.422327757373614388e-01 -3.262637184250701261e-01 -1.311393813745917736e-01
7.476808817289696263e-01 -3.324146659533290249e-01 -2.412553841620752038e-01
8.887437362569330368e-01 -7.174318575209714943e-02 -1.197320945897726863e-01
1.071328437203636463e+00 1.987327393050605240e-01 4.950491332018591706e-02
1.199990449453853136e+00 3.427947022039735114e-01 1.770657637790556960e-01
1.115791035752123239e+00 2.010531177110079226e-01 1.033376473025106462e-01
1.082116045544504024e+00 7.295913281183621923e-02 8.531351882236479223e-02
1.010750531585391965e+00 -7.880502000333772239e-02 2.643504377905114833e-02
8.411463032294976827e-01 -2.759902475353258611e-01 -1.397731056494567192e-01
7.679293460944461858e-01 -3.154618285464523275e-01 -2.194738873103854460e-01
9.180694116256759019e-01 -9.325533718323930632e-02 -8.146764715002854929e-02
1.094160764790942597e+00 1.533581736352708780e-01 8.347179256930689628e-02
1.205562600244211469e+00 2.986312465542956818e-01 1.901813920320553630e-01
1.203042952030050072e+00 2.800613889042711246e-01 1.911293355325013044e-01
9.992537926222818667e-01 2.331782256711290024e-02 -3.582183083348011721e-03
9.162166528441486602e-01 -1.194102984198871509e-01 -7.703145829593838201e-02
7.833749006217578525e-01 -2.881604580982439767e-01 -2.046200768393005298e-01
8.721298733107303303e-01 -1.959553727596416994e-01 -1.171397951086761841e-01
1.015944412075442393e+00 -1.499310957507893338e-02 2.016235600322381638e-02
1.137405290925962653e+00 1.553694820785676556e-01 1.336531140023219100e-01
1.078017436428446274e+00 1.310110735275648586e-01 6.896823920034922395e-02
1.085559649166462082e+00 1.435829690678787907e-01 7.626773227839921121e-02
1.049567816047448421e+00 8.310619052022197306e-02 4.470340990944458859e-02
9.923912582166147800e-01 -1.287600543277866993e-02 -6.056185177336873005e-03
8.447367270605575795e-01 -1.928219790740893225e-01 -1.487117281667717505e-01
8.894792854898241341e-01 -1.583623658142240542e-01 -1.027458527738772803e-01
9.850079453312505784e-01 4.518324690267683241e-01 -1.000363853333360864e-02
1.078479766522910666e+00 7.750915858702769334e-01 7.846617354982249326e-02
1.123364522333945903e+00 6.784789980942955712e-01 1.188559176497517300e-01
1.002078541396905775e+00 1.522881700487629386e-01 -4.221271485187805261e-03
9.918818878551134421e-01 -2.974276602165980554e-01 -1.288010596403948993e-02
8.867639557399428218e-01 -6.534580773471235782e-01 -1.142330040129862639e-01
3.487758389663206948e-01 -6.471564140910341933e-01 -1.483341102505452147e-01
-3.098013856130984456e-01 -3.179067101150357399e-01 -1.048580507390756700e-01
-7.476201949280261161e-01 1.373713785208790505e-01 -1.330057180921526139e-02
-6.678470258474449306e-01 5.784359690327613990e-01 1.757514451322667315e-01
-3.621276607511965673e-01 5.861761159770751961e-01 1.580225378134671732e-01
9.408359821102629805e-02 3.000541902384200599e-01 6.305525231981398693e-02
4.576319321715126009e-01 -1.074826380455795594e-01 -5.394293078438087974e-02
6.560094666501957716e-01 -3.205244644783883379e-01 -3.226983018596581154e-02
5.065445143559157426e-01 -3.519998760287217365e-01 3.370875445590656994e-03
1.875380011310934236e-02 -3.043278084096613934e-01 -6.623792720880386509e-02
-4.296347427619680026e-01 -1.092590433476771372e-01 -9.576688599335700380e-02
-6.183670599685564540e-01 1.209323668819472786e-01 -7.445950590277633507e-02
-4.790426154702047690e-01 2.676384526476367487e-01 -1.805311086986555874e-02
-1.412930768658515746e-02 3.658547035129380842e-01 1.417392000946869346e-01
4.113573231619663817e-01 2.713219775352406216e-01 2.146826799154407106e-01
4.886166293446800868e-01 -4.941846461230564591e-02 7.299047179639872596e-02
3.138416902367842098e-01 -3.133756302389428816e-01 -9.102775140893840100e-02
-3.766000787145951101e-04 -3.942492641834442479e-01 -1.931302765892726203e-01
-1.829847613233087367e-01 -1.699109026417737756e-01 -8.845741095693709921e-02
-3.558397257817877968e-01 1.694907406661688709e-02 -5.002312640936659727e-02
-2.334893309035231956e-01 2.766485160708603286e-01 1.095792928881301476e-01
-6.629310061323168135e-03 3.720537558392509325e-01 1.984318238118121525e-01
1.008593637273208221e-01 1.718915937111757108e-01 7.918318973721988341e-02
2.471694882734385978e-01 5.799850940321427117e-03 3.226782420147689123e-02
1.552638562282233070e-01 -2.465826430236076616e-01 -1.260899168814302307e-01
-5.083140726578894153e-03 -3.504355660793400107e-01 -2.055669254153315306e-01
-4.685386762260926319e-02 -1.686854137898286810e-01 -7.431277038817693525e-02
-1.610205880177286164e-01 -2.076756983435310011e-02 -1.902764566964933873e-02
-1.832603423644686702e-01 1.227422746427524469e-01 4.024278941185017305e-02
-1.116459500943033506e-01 1.905299973507706413e-01 7.346478627927464922e-02
8.629977995995158357e-03 1.562739491126008406e-01 6.663219032031934830e-02
1.125633242792666161e-01 4.730653114194682818e-02 2.716675879709990610e-02
2.498216737945787025e-01 2.558258939738375370e-02 7.806449102765247727e-02
1.484433514610669080e-01 -1.067602528714133581e-01 -1.515979547867646327e-02
-1.701881436962801586e-02 -1.724886844776255257e-01 -9.148175559503428367e-02
-1.574253564324359089e-01 -1.453999306844025452e-01 -1.144306419022391719e-01
-2.050785660727426074e-01 -4.832008692829917185e-02 -7.786931862760398948e-02
-1.454271717126472407e-01 6.321181591634365826e-02 -6.029468366630333365e-03
8.097266906775874018e-02 2.319846205183487831e-01 1.616411310515611377e-01
2.442461912362430543e-01 2.678878344009800738e-01 2.317241050021528748e-01
1.690692655697572933e-01 6.625680969485808758e-02 7.893672905660900629e-02
1.687539968503995458e-02 -1.483395173880797946e-01 -9.804027382268495905e-02
-1.285367794537227160e-01 -2.673064530686834472e-01 -2.082994395027070456e-01
-1.951393509517465596e-01 -2.407234686468845419e-01 -2.033829688633733979e-01
-1.575119898240936733e-01 -9.643704834382355040e-02 -9.726666085628642155e-02
-4.489136989716252524e-02 8.163925410084285628e-02 4.687134677823505402e-02
7.891287298565452524e-02 2.010882992506213274e-01 1.531598802601868425e-01
1.508802550873627191e-01 2.080482902601114015e-01 1.722396202638500351e-01
1.402107714352209544e-01 1.102881370385979387e-01 1.032915761352218992e-01
1.605028504306827697e-01 6.715993061993860702e-02 8.959254835184564392e-02
9.851429631125407926e-02 -5.235420466823209606e-03 3.246714917088418251e-02
-1.065325505518571747e-01 -1.677735262114964654e-01 -1.351792846774232393e-01
